index
30008
30015
30042
30048
30102
30103
30109
30145
30152
30363
30413
30444
30500
30554
30631
30705
30756
30766
30983
31179
31340
31389
31504
31690
31693
31755
31781
31941
31989
32092
32127
32211
32239
32380
32547
32591
32644
32710
32733
32750
32768
32821
32885
32895
32962
33181
33188
33240
33293
33393
33445
33940
33986
34229
34240
34384
34595
35100
35124
35139
35191
35284
35485
35550
35570
35741
35886
35959
36367
36402
36453
36537
36944
37149
37921
37933
38105
38191
38222
38249
38260
38303
38324
38400
38406
38433
38450
38475
38567
38628
38720
38754
38804
38839
38868
38871
38907
38934
39083
39118
39161
39235
39455
39471
39479
39511
39547
39592
39645
39761
39865
39937
39946
39960
39964
40074
40111
40121
40201
40245
40308
40361
40479
40491
40517
40567
40624
40683
40694
40809
40828
40842
40908
41209
41803
42264
42369
42405
42680
43422
43510
43595
44145
44153
44159
44540
44643
45106
45400
45402
45403
46848
46889
46974
47002
47072
47114
47273
47328
47387
47665
47902
48084
48717
48749
48864
49175
49458
49469
49522
49544
49716
49772
50000
50047
50050